A=
5.80  -0.20  9.28  -5.63  -3.59  -1.97  -1.93  0.47  -1.06  -6.05  -2.95  -8.67  -3.18  0.27  10.15  -4.24  4.12  1.47  
-0.20  -6.23  -6.22  -3.16  -6.39  -0.90  -1.45  -11.43  5.72  -6.12  7.04  0.57  5.13  -9.52  0.67  -3.55  -5.01  -2.02  
9.28  -6.22  6.40  -6.42  2.73  -5.91  3.72  6.78  -5.72  6.49  -8.64  -4.37  4.78  -2.62  -6.30  -5.41  -2.95  3.47  
-5.63  -3.16  -6.42  0.39  -9.53  2.72  4.40  6.22  2.87  -1.15  1.82  -9.58  -0.30  -3.45  0.65  3.92  4.95  0.80  
-3.59  -6.39  2.73  -9.53  4.42  -7.54  -8.68  -7.55  -11.38  -6.10  -0.83  0.85  -4.04  -1.56  -0.54  5.75  -1.75  -4.66  
-1.97  -0.90  -5.91  2.72  -7.54  -2.37  -1.38  10.34  9.94  12.27  10.38  -11.95  5.38  -2.97  1.21  -2.51  1.65  7.64  
-1.93  -1.45  3.72  4.40  -8.68  -1.38  -2.94  -8.94  -3.91  1.55  -9.26  -1.20  0.55  3.06  -1.04  2.21  -8.66  10.56  
0.47  -11.43  6.78  6.22  -7.55  10.34  -8.94  5.22  5.20  4.99  1.27  -7.27  -5.56  -5.99  -3.46  7.88  -1.57  6.41  
-1.06  5.72  -5.72  2.87  -11.38  9.94  -3.91  5.20  -6.65  5.61  -3.30  7.79  2.50  2.30  6.88  7.55  -3.67  0.47  
-6.05  -6.12  6.49  -1.15  -6.10  12.27  1.55  4.99  5.61  2.11  -0.23  5.23  7.00  3.07  5.15  5.78  -8.02  7.70  
-2.95  7.04  -8.64  1.82  -0.83  10.38  -9.26  1.27  -3.30  -0.23  -3.25  -0.21  4.91  6.34  1.82  12.75  6.45  -3.23  
-8.67  0.57  -4.37  -9.58  0.85  -11.95  -1.20  -7.27  7.79  5.23  -0.21  0.52  0.86  -7.34  -5.08  0.35  8.56  3.19  
-3.18  5.13  4.78  -0.30  -4.04  5.38  0.55  -5.56  2.50  7.00  4.91  0.86  -7.90  0.46  -1.01  -1.45  4.84  -5.01  
0.27  -9.52  -2.62  -3.45  -1.56  -2.97  3.06  -5.99  2.30  3.07  6.34  -7.34  0.46  2.66  -6.55  7.65  1.44  1.48  
10.15  0.67  -6.30  0.65  -0.54  1.21  -1.04  -3.46  6.88  5.15  1.82  -5.08  -1.01  -6.55  -0.57  4.90  -2.89  -7.89  
-4.24  -3.55  -5.41  3.92  5.75  -2.51  2.21  7.88  7.55  5.78  12.75  0.35  -1.45  7.65  4.90  3.72  0.24  2.09  
4.12  -5.01  -2.95  4.95  -1.75  1.65  -8.66  -1.57  -3.67  -8.02  6.45  8.56  4.84  1.44  -2.89  0.24  -3.44  4.55  
1.47  -2.02  3.47  0.80  -4.66  7.64  10.56  6.41  0.47  7.70  -3.23  3.19  -5.01  1.48  -7.89  2.09  4.55  1.02  
D=
-39.30  -0.00  0.00  0.00  -0.00  -0.00  -0.00  -0.00  0.00  0.00  0.00  -0.00  0.00  0.00  0.00  -0.00  -0.00  -0.00  
-0.00  -32.37  0.00  0.00  -0.00  -0.00  -0.00  -0.00  -0.00  -0.00  0.00  -0.00  0.00  0.00  0.00  -0.00  -0.00  -0.00  
0.00  0.00  -26.66  -0.00  -0.00  0.00  -0.00  0.00  0.00  -0.00  -0.00  0.00  0.00  -0.00  -0.00  0.00  0.00  0.00  
-0.00  -0.00  -0.00  -23.09  0.00  0.00  0.00  0.00  -0.00  -0.00  -0.00  0.00  0.00  -0.00  -0.00  0.00  -0.00  -0.00  
-0.00  -0.00  -0.00  0.00  -22.30  -0.00  -0.00  -0.00  0.00  0.00  0.00  0.00  0.00  -0.00  0.00  -0.00  0.00  0.00  
-0.00  -0.00  0.00  0.00  -0.00  -17.70  -0.00  -0.00  0.00  0.00  0.00  -0.00  0.00  -0.00  0.00  -0.00  -0.00  -0.00  
-0.00  -0.00  -0.00  0.00  -0.00  -0.00  -13.35  -0.00  -0.00  0.00  0.00  0.00  0.00  -0.00  0.00  -0.00  0.00  0.00  
-0.00  -0.00  0.00  0.00  0.00  -0.00  -0.00  -2.63  0.00  0.00  -0.00  -0.00  -0.00  -0.00  -0.00  -0.00  -0.00  -0.00  
0.00  -0.00  0.00  -0.00  0.00  0.00  0.00  0.00  -0.96  0.00  0.00  0.00  0.00  0.00  0.00  -0.00  0.00  0.00  
0.00  -0.00  -0.00  -0.00  0.00  0.00  0.00  0.00  0.00  0.41  -0.00  -0.00  -0.00  -0.00  -0.00  0.00  0.00  0.00  
0.00  0.00  -0.00  -0.00  0.00  0.00  0.00  -0.00  0.00  -0.00  8.47  -0.00  -0.00  -0.00  -0.00  -0.00  -0.00  -0.00  
-0.00  -0.00  0.00  0.00  0.00  -0.00  0.00  -0.00  0.00  -0.00  -0.00  11.48  -0.00  -0.00  -0.00  -0.00  0.00  0.00  
0.00  0.00  0.00  0.00  0.00  0.00  0.00  -0.00  0.00  -0.00  -0.00  -0.00  15.60  -0.00  -0.00  -0.00  0.00  0.00  
0.00  0.00  -0.00  -0.00  -0.00  -0.00  -0.00  -0.00  0.00  -0.00  -0.00  -0.00  -0.00  15.84  0.00  -0.00  -0.00  -0.00  
0.00  0.00  -0.00  -0.00  0.00  0.00  0.00  -0.00  -0.00  0.00  -0.00  0.00  -0.00  0.00  23.25  0.00  -0.00  -0.00  
-0.00  -0.00  0.00  0.00  -0.00  -0.00  -0.00  -0.00  -0.00  0.00  -0.00  -0.00  -0.00  -0.00  0.00  24.22  0.00  0.00  
-0.00  -0.00  0.00  -0.00  0.00  -0.00  0.00  -0.00  0.00  0.00  -0.00  0.00  0.00  -0.00  -0.00  0.00  33.98  0.00  
-0.00  -0.00  0.00  -0.00  0.00  -0.00  0.00  -0.00  0.00  0.00  -0.00  0.00  0.00  -0.00  -0.00  0.00  0.00  44.03  
V^TV = 1?: 
1.00  -0.00  0.00  0.00  -0.00  0.00  0.00  -0.00  0.00  -0.00  0.00  -0.00  0.00  -0.00  0.00  0.00  -0.00  -0.00  
-0.00  1.00  0.00  -0.00  0.00  -0.00  -0.00  -0.00  -0.00  -0.00  -0.00  0.00  -0.00  0.00  -0.00  0.00  0.00  0.00  
0.00  0.00  1.00  0.00  0.00  -0.00  -0.00  0.00  -0.00  -0.00  -0.00  0.00  -0.00  -0.00  0.00  0.00  -0.00  0.00  
0.00  -0.00  0.00  1.00  0.00  0.00  0.00  0.00  0.00  0.00  0.00  0.00  0.00  -0.00  -0.00  -0.00  0.00  0.00  
-0.00  0.00  0.00  0.00  1.00  0.00  -0.00  0.00  0.00  -0.00  0.00  -0.00  -0.00  -0.00  -0.00  0.00  0.00  -0.00  
0.00  -0.00  -0.00  0.00  0.00  1.00  0.00  -0.00  0.00  0.00  0.00  -0.00  -0.00  -0.00  -0.00  -0.00  0.00  0.00  
0.00  -0.00  -0.00  0.00  -0.00  0.00  1.00  0.00  -0.00  -0.00  0.00  -0.00  0.00  -0.00  0.00  -0.00  -0.00  0.00  
-0.00  -0.00  0.00  0.00  0.00  -0.00  0.00  1.00  -0.00  0.00  -0.00  -0.00  0.00  0.00  -0.00  0.00  0.00  -0.00  
0.00  -0.00  -0.00  0.00  0.00  0.00  -0.00  -0.00  1.00  0.00  0.00  -0.00  0.00  0.00  0.00  -0.00  0.00  0.00  
-0.00  -0.00  -0.00  0.00  -0.00  0.00  -0.00  0.00  0.00  1.00  -0.00  -0.00  0.00  0.00  0.00  0.00  0.00  0.00  
0.00  -0.00  -0.00  0.00  0.00  0.00  0.00  -0.00  0.00  -0.00  1.00  -0.00  -0.00  -0.00  0.00  -0.00  -0.00  0.00  
-0.00  0.00  0.00  0.00  -0.00  -0.00  -0.00  -0.00  -0.00  -0.00  -0.00  1.00  0.00  0.00  0.00  -0.00  0.00  0.00  
0.00  -0.00  -0.00  0.00  -0.00  -0.00  0.00  0.00  0.00  0.00  -0.00  0.00  1.00  0.00  -0.00  0.00  -0.00  0.00  
-0.00  0.00  -0.00  -0.00  -0.00  -0.00  -0.00  0.00  0.00  0.00  -0.00  0.00  0.00  1.00  -0.00  -0.00  0.00  0.00  
0.00  -0.00  0.00  -0.00  -0.00  -0.00  0.00  -0.00  0.00  0.00  0.00  0.00  -0.00  -0.00  1.00  -0.00  -0.00  0.00  
0.00  0.00  0.00  -0.00  0.00  -0.00  -0.00  0.00  -0.00  0.00  -0.00  -0.00  0.00  -0.00  -0.00  1.00  0.00  0.00  
-0.00  0.00  -0.00  0.00  0.00  0.00  -0.00  0.00  0.00  0.00  -0.00  0.00  -0.00  0.00  -0.00  0.00  1.00  -0.00  
-0.00  0.00  0.00  0.00  -0.00  0.00  0.00  -0.00  0.00  0.00  0.00  0.00  0.00  0.00  0.00  0.00  -0.00  1.00  
V^T A V - D= 0 ?: 
0.00  -0.00  0.00  -0.00  0.00  -0.00  -0.00  -0.00  -0.00  0.00  -0.00  0.00  0.00  0.00  0.00  -0.00  -0.00  0.00  
-0.00  0.00  -0.00  0.00  -0.00  0.00  0.00  -0.00  0.00  0.00  0.00  0.00  0.00  -0.00  -0.00  0.00  -0.00  -0.00  
0.00  -0.00  -0.00  -0.00  0.00  0.00  0.00  0.00  0.00  0.00  -0.00  -0.00  -0.00  -0.00  0.00  -0.00  0.00  -0.00  
-0.00  0.00  -0.00  0.00  -0.00  0.00  -0.00  -0.00  -0.00  -0.00  -0.00  0.00  0.00  -0.00  -0.00  0.00  -0.00  -0.00  
0.00  -0.00  -0.00  -0.00  -0.00  -0.00  0.00  0.00  -0.00  0.00  0.00  0.00  0.00  -0.00  0.00  0.00  0.00  -0.00  
-0.00  0.00  0.00  0.00  -0.00  0.00  0.00  -0.00  -0.00  0.00  0.00  0.00  -0.00  0.00  0.00  0.00  0.00  -0.00  
-0.00  0.00  0.00  -0.00  0.00  0.00  0.00  -0.00  0.00  0.00  0.00  0.00  -0.00  0.00  -0.00  -0.00  -0.00  -0.00  
0.00  -0.00  -0.00  -0.00  0.00  0.00  0.00  0.00  0.00  -0.00  0.00  -0.00  0.00  0.00  0.00  -0.00  0.00  0.00  
-0.00  0.00  0.00  -0.00  -0.00  -0.00  -0.00  -0.00  0.00  0.00  0.00  -0.00  -0.00  0.00  -0.00  -0.00  0.00  0.00  
0.00  0.00  0.00  -0.00  -0.00  0.00  0.00  0.00  0.00  -0.00  -0.00  -0.00  -0.00  0.00  0.00  0.00  -0.00  0.00  
-0.00  0.00  -0.00  -0.00  -0.00  0.00  0.00  -0.00  -0.00  0.00  0.00  -0.00  -0.00  -0.00  0.00  0.00  0.00  0.00  
0.00  -0.00  -0.00  0.00  0.00  -0.00  0.00  -0.00  -0.00  -0.00  -0.00  -0.00  -0.00  -0.00  0.00  0.00  -0.00  0.00  
0.00  0.00  -0.00  0.00  0.00  -0.00  -0.00  0.00  0.00  -0.00  0.00  -0.00  -0.00  0.00  0.00  0.00  -0.00  -0.00  
-0.00  -0.00  -0.00  -0.00  -0.00  -0.00  0.00  0.00  0.00  0.00  -0.00  -0.00  0.00  0.00  -0.00  0.00  0.00  -0.00  
0.00  -0.00  0.00  -0.00  0.00  0.00  -0.00  0.00  -0.00  0.00  0.00  -0.00  0.00  -0.00  -0.00  -0.00  -0.00  0.00  
-0.00  0.00  -0.00  0.00  0.00  -0.00  -0.00  -0.00  -0.00  0.00  0.00  0.00  0.00  0.00  -0.00  0.00  0.00  0.00  
-0.00  -0.00  0.00  -0.00  0.00  0.00  -0.00  0.00  0.00  -0.00  0.00  -0.00  -0.00  0.00  -0.00  0.00  0.00  -0.00  
0.00  -0.00  -0.00  -0.00  -0.00  -0.00  -0.00  0.00  0.00  0.00  0.00  0.00  -0.00  -0.00  0.00  -0.00  -0.00  -0.00  
V D V^T - A = 0?: 
-0.00  0.00  -0.00  -0.00  -0.00  0.00  0.00  0.00  -0.00  -0.00  0.00  -0.00  0.00  -0.00  0.00  0.00  -0.00  -0.00  
0.00  -0.00  -0.00  -0.00  -0.00  0.00  -0.00  -0.00  0.00  0.00  0.00  -0.00  0.00  -0.00  -0.00  -0.00  -0.00  0.00  
-0.00  0.00  -0.00  -0.00  0.00  -0.00  -0.00  -0.00  0.00  -0.00  0.00  0.00  -0.00  0.00  0.00  -0.00  0.00  -0.00  
-0.00  -0.00  -0.00  -0.00  -0.00  -0.00  0.00  0.00  0.00  0.00  -0.00  -0.00  0.00  -0.00  -0.00  -0.00  0.00  0.00  
-0.00  -0.00  0.00  -0.00  -0.00  0.00  -0.00  0.00  -0.00  0.00  0.00  -0.00  0.00  0.00  0.00  0.00  0.00  -0.00  
-0.00  -0.00  -0.00  -0.00  -0.00  -0.00  -0.00  0.00  0.00  0.00  0.00  -0.00  -0.00  -0.00  -0.00  -0.00  0.00  0.00  
0.00  -0.00  -0.00  0.00  -0.00  -0.00  0.00  -0.00  0.00  0.00  0.00  -0.00  -0.00  0.00  -0.00  0.00  -0.00  -0.00  
0.00  -0.00  -0.00  0.00  -0.00  0.00  -0.00  -0.00  0.00  -0.00  0.00  0.00  0.00  -0.00  -0.00  0.00  0.00  -0.00  
-0.00  0.00  0.00  0.00  -0.00  0.00  -0.00  0.00  -0.00  0.00  -0.00  0.00  -0.00  0.00  0.00  0.00  -0.00  0.00  
0.00  0.00  -0.00  0.00  0.00  0.00  -0.00  -0.00  0.00  -0.00  -0.00  0.00  0.00  0.00  -0.00  0.00  -0.00  -0.00  
0.00  0.00  0.00  -0.00  0.00  0.00  -0.00  0.00  -0.00  -0.00  -0.00  0.00  -0.00  0.00  0.00  0.00  0.00  0.00  
-0.00  -0.00  0.00  -0.00  -0.00  -0.00  -0.00  0.00  0.00  0.00  0.00  -0.00  -0.00  -0.00  -0.00  -0.00  0.00  0.00  
0.00  0.00  0.00  -0.00  -0.00  -0.00  -0.00  0.00  -0.00  0.00  -0.00  -0.00  0.00  -0.00  -0.00  0.00  0.00  0.00  
-0.00  -0.00  0.00  -0.00  -0.00  -0.00  0.00  -0.00  0.00  0.00  0.00  -0.00  -0.00  -0.00  -0.00  0.00  0.00  0.00  
0.00  -0.00  0.00  -0.00  0.00  -0.00  -0.00  -0.00  0.00  -0.00  0.00  -0.00  -0.00  -0.00  0.00  -0.00  -0.00  -0.00  
0.00  -0.00  -0.00  0.00  0.00  -0.00  0.00  0.00  0.00  0.00  0.00  -0.00  0.00  0.00  -0.00  0.00  -0.00  0.00  
-0.00  -0.00  0.00  0.00  0.00  0.00  -0.00  0.00  -0.00  0.00  0.00  0.00  -0.00  0.00  -0.00  -0.00  -0.00  0.00  
-0.00  0.00  -0.00  0.00  0.00  0.00  -0.00  -0.00  0.00  -0.00  0.00  0.00  0.00  0.00  -0.00  0.00  0.00  -0.00  
 Anything happened? = D - A = 0?: 
-45.10  0.20  -9.28  5.63  3.59  1.97  1.93  -0.47  1.06  6.05  2.95  8.67  3.18  -0.27  -10.15  4.24  -4.12  -1.47  
0.20  -26.14  6.22  3.16  6.39  0.90  1.45  11.43  -5.72  6.12  -7.04  -0.57  -5.13  9.52  -0.67  3.55  5.01  2.02  
-9.28  6.22  -33.06  6.42  -2.73  5.91  -3.72  -6.78  5.72  -6.49  8.64  4.37  -4.78  2.62  6.30  5.41  2.95  -3.47  
5.63  3.16  6.42  -23.48  9.53  -2.72  -4.40  -6.22  -2.87  1.15  -1.82  9.58  0.30  3.45  -0.65  -3.92  -4.95  -0.80  
3.59  6.39  -2.73  9.53  -26.72  7.54  8.68  7.55  11.38  6.10  0.83  -0.85  4.04  1.56  0.54  -5.75  1.75  4.66  
1.97  0.90  5.91  -2.72  7.54  -15.33  1.38  -10.34  -9.94  -12.27  -10.38  11.95  -5.38  2.97  -1.21  2.51  -1.65  -7.64  
1.93  1.45  -3.72  -4.40  8.68  1.38  -10.41  8.94  3.91  -1.55  9.26  1.20  -0.55  -3.06  1.04  -2.21  8.66  -10.56  
-0.47  11.43  -6.78  -6.22  7.55  -10.34  8.94  -7.85  -5.20  -4.99  -1.27  7.27  5.56  5.99  3.46  -7.88  1.57  -6.41  
1.06  -5.72  5.72  -2.87  11.38  -9.94  3.91  -5.20  5.69  -5.61  3.30  -7.79  -2.50  -2.30  -6.88  -7.55  3.67  -0.47  
6.05  6.12  -6.49  1.15  6.10  -12.27  -1.55  -4.99  -5.61  -1.70  0.23  -5.23  -7.00  -3.07  -5.15  -5.78  8.02  -7.70  
2.95  -7.04  8.64  -1.82  0.83  -10.38  9.26  -1.27  3.30  0.23  11.72  0.21  -4.91  -6.34  -1.82  -12.75  -6.45  3.23  
8.67  -0.57  4.37  9.58  -0.85  11.95  1.20  7.27  -7.79  -5.23  0.21  10.96  -0.86  7.34  5.08  -0.35  -8.56  -3.19  
3.18  -5.13  -4.78  0.30  4.04  -5.38  -0.55  5.56  -2.50  -7.00  -4.91  -0.86  23.50  -0.46  1.01  1.45  -4.84  5.01  
-0.27  9.52  2.62  3.45  1.56  2.97  -3.06  5.99  -2.30  -3.07  -6.34  7.34  -0.46  13.18  6.55  -7.65  -1.44  -1.48  
-10.15  -0.67  6.30  -0.65  0.54  -1.21  1.04  3.46  -6.88  -5.15  -1.82  5.08  1.01  6.55  23.82  -4.90  2.89  7.89  
4.24  3.55  5.41  -3.92  -5.75  2.51  -2.21  -7.88  -7.55  -5.78  -12.75  -0.35  1.45  -7.65  -4.90  20.49  -0.24  -2.09  
-4.12  5.01  2.95  -4.95  1.75  -1.65  8.66  1.57  3.67  8.02  -6.45  -8.56  -4.84  -1.44  2.89  -0.24  37.42  -4.55  
-1.47  2.02  -3.47  -0.80  4.66  -7.64  -10.56  -6.41  -0.47  -7.70  3.23  -3.19  5.01  -1.48  7.89  -2.09  -4.55  43.01  
