cos(x)=0.839088 sin(x)=-0.543996
cos(x)=0.839088 sin(x)=-0.543996
