cos(1)=0.540302 and sin(1)=0.841471
cos(2)=-0.416147 and sin(2)=0.909297
cos(4)=-0.653644 and sin(4)=-0.756802
cos(5)=0.283662 and sin(5)=-0.958924
cos(32.5)=0.467732 and sin(32.5)=0.88387
cos(542)=-0.0751962 and sin(542)=0.997169
cos(542)=-0.0751962 and sin(542)=0.997169
