A:
-0.0147 -0.191 0.0162 -0.157 0.341 0.155 -0.667 -0.074 0.532 0.256 
0.682 0.0406 -0.413 0.207 -0.0252 0.114 -0.401 0.0785 -0.289 -0.234 
-0.414 0.594 -0.222 -0.0695 -0.206 0.177 -0.243 0.0249 0.207 -0.497 
-0.264 -0.264 -0.387 0.281 -0.273 -0.668 -0.209 -0.254 0.054 0.025 
-0.145 0.242 0.237 -0.294 -0.261 -0.136 -0.454 0.149 -0.547 0.406 
-0.142 0.0832 -0.0924 0.31 0.296 -0.227 0.00113 0.846 0.0748 0.085 
0.0344 -0.372 0.596 0.212 -0.412 0.0298 -0.236 0.215 0.103 -0.42 
-0.078 -0.376 -0.44 -0.31 -0.505 0.36 0.126 0.333 0.113 0.195 
-0.445 -0.205 -0.07 0.53 0.155 0.519 -0.106 -0.147 -0.375 0.0909 
-0.217 -0.391 -0.109 -0.495 0.402 -0.125 -0.0644 0.077 -0.345 -0.488 
QR-A=0?:
0 0 1.11e-16 1.78e-15 -1.78e-15 -8.88e-16 3.55e-15 0 0 0 
0 0 0 0 0 0 0 0 0 0 
0 0 0 4.44e-16 0 0 0 0 0 0 
1.78e-15 -1.78e-15 0 0 0 3.55e-15 0 0 0 0 
0 0 1.78e-15 0 0 8.88e-16 0 0 1.78e-15 0 
0 0 0 0 -1.78e-15 0 0 0 2.22e-16 2.22e-16 
0 0 0 -1.78e-15 0 -2.22e-16 0 0 0 0 
4.44e-16 3.55e-15 0 1.78e-15 3.55e-15 -1.78e-15 0 0 0 0 
0 0 -4.44e-16 0 0 0 0 0 -8.88e-16 2.22e-16 
0 0 -8.88e-16 3.55e-15 0 0 0 -8.88e-16 -8.88e-16 0 
(Q^T)Q=1?:
1 -1.25e-16 -4.16e-17 6.94e-17 0 2.08e-17 1.91e-17 -1.73e-17 -1.94e-16 8.33e-17 
-1.25e-16 1 5.55e-17 5.55e-17 -5.55e-17 1.11e-16 -7.29e-17 -1.73e-17 5.55e-17 -3.89e-16 
-4.16e-17 5.55e-17 1 -1.25e-16 -1.67e-16 6.94e-18 -1.17e-16 -1.58e-16 -4.65e-16 -3.47e-17 
6.94e-17 5.55e-17 -1.25e-16 1 0 -5.55e-17 -2.08e-17 -8.33e-17 -1.94e-16 8.33e-17 
0 -5.55e-17 -1.67e-16 0 1 -1.39e-17 -1.73e-17 1.04e-17 -2.78e-17 2.78e-17 
2.08e-17 1.11e-16 6.94e-18 -5.55e-17 -1.39e-17 1 -2.78e-17 5.38e-17 2.64e-16 -4.51e-16 
1.91e-17 -7.29e-17 -1.17e-16 -2.08e-17 -1.73e-17 -2.78e-17 1 2.78e-17 2.43e-17 3.47e-17 
-1.73e-17 -1.73e-17 -1.58e-16 -8.33e-17 1.04e-17 5.38e-17 2.78e-17 1 4.75e-16 -1.18e-16 
-1.94e-16 5.55e-17 -4.65e-16 -1.94e-16 -2.78e-17 2.64e-16 2.43e-17 4.75e-16 1 2.78e-17 
8.33e-17 -3.89e-16 -3.47e-17 8.33e-17 2.78e-17 -4.51e-16 3.47e-17 -1.18e-16 2.78e-17 1 
R uppertriangle ?:
41.9 -1.82 -25.4 19.5 2.18 -3.63 7.6 -2.94 4.27 -2.62 
0 51.3 29.2 -10.3 -7.98 -1.21 -0.629 -17.5 1.29 14.5 
0 0 46.1 9.22 22.7 7.08 32.7 23 -13.4 21.4 
0 0 0 51.3 5.75 -10.3 -2.73 -32.2 -19.1 -2.87 
0 0 0 0 40.3 3.54 15 -28.8 -15.1 -17.3 
0 0 0 0 0 36.2 9.09 -20.7 -20.6 22.8 
0 0 0 0 0 0 46.1 -4.5 5.25 -16.6 
0 0 0 0 0 0 0 56.2 -28.5 30.7 
0 0 0 0 0 0 0 0 20.7 -1.02 
0 0 0 0 0 0 0 0 0 21.2 
b:
17.8
-26.7
-2.77
-15.4
-13.5
19.1
13.6
17.7
-9.14
1.69
Ax-b=0 ?:
0
-1.07e-14
1.55e-14
-3.55e-15
-3.55e-15
2.13e-14
3.55e-15
7.11e-15
-2.31e-14
7.99e-15
AB=1 ?:
1 1.25e-16 1.94e-16 -1.04e-17 -1.11e-16 1.53e-16 1.11e-16 2.22e-16 2.78e-17 5.55e-17 
-8.33e-17 1 -1.39e-17 -1.27e-16 2.98e-16 -9.89e-17 5.55e-17 -1.46e-16 1.65e-16 -4.16e-17 
2.36e-16 -5.55e-17 1 -3.23e-16 -4.44e-16 1.73e-17 1.39e-16 1.25e-16 2.78e-17 -1.39e-16 
-1.11e-16 -1.67e-16 -3.33e-16 1 0 9.71e-17 -1.11e-16 -2.78e-17 -9.71e-17 -2.22e-16 
-2.78e-16 0 -3.33e-16 1.8e-16 1 -8.33e-17 1.11e-16 -5e-16 -5.55e-17 2.22e-16 
1.39e-16 5.55e-17 2.78e-16 1.04e-17 -5.55e-17 1 -1.67e-16 2.78e-16 -6.94e-17 1.67e-16 
1.67e-16 -2.78e-17 2.22e-16 -3.16e-16 1.11e-16 2.22e-16 1 0 -1.39e-17 -5.55e-17 
1.94e-16 -1.11e-16 2.78e-16 -5.2e-17 -5.55e-17 1.73e-16 1.11e-16 1 -2.78e-16 0 
-3.47e-17 3.47e-17 -1.67e-16 -1.67e-16 6.94e-17 -2.41e-16 1.39e-16 -1.73e-16 1 1.39e-17 
5.55e-17 -1.67e-16 -2.22e-16 -1.28e-16 -5.55e-17 1.8e-16 0 2.78e-17 8.33e-17 1 
BA=1 ?:
1 2.78e-17 8.05e-16 7.22e-16 5.27e-16 -4.58e-16 5.86e-16 -7.77e-16 -2.91e-16 -3.33e-16 
-4.86e-16 1 -7.08e-16 -1.11e-15 -7.08e-16 7.81e-16 -8.45e-16 3.75e-16 3.47e-18 6.66e-16 
2.08e-16 2.22e-16 1 6.94e-16 6.11e-16 -2.32e-16 7.86e-16 -9.16e-16 -1.35e-16 -2.78e-16 
-5.41e-16 6.66e-16 -1.94e-16 1 -7.22e-16 9.37e-16 -9.44e-16 6.66e-16 -2.43e-16 1.17e-15 
-1.91e-16 -6.25e-17 -9.66e-16 -6.42e-16 1 3.41e-16 -9.06e-16 2.76e-16 -1.13e-16 3.02e-16 
-4.86e-16 9.02e-16 2.71e-16 -1.28e-15 -6.25e-16 1 -9.25e-16 4.02e-16 -6.49e-16 2.03e-15 
6.94e-17 -3.89e-16 -2.36e-16 0 -4.16e-17 -3.02e-16 1 9.71e-17 2.91e-16 -4.72e-16 
-3.96e-16 4.3e-16 -1.32e-16 -8.33e-16 -5e-16 6.51e-16 -5.83e-16 1 -2.15e-16 1.05e-15 
-2.5e-16 1.67e-16 -7.49e-16 -6.66e-16 -6.94e-16 3.12e-16 -9.61e-16 8.33e-16 1 6.11e-16 
3.05e-16 -1.05e-15 -6.66e-16 2.22e-16 1.67e-16 -7.36e-16 -1.8e-16 2.78e-16 4.86e-16 1 
